0.00630000
0.00364000
0.00099000
0.00428000
0.00758000
0.01087000
0.00682000
0.00277000
-0.00128000
0.00368000
0.00864000
0.01360000
0.00727000
0.00094000
0.00420000
0.00221000
0.00021000
0.00444000
0.00867000
0.01290000
0.01713000
-0.00343000
-0.02400000
-0.00992000
0.00416000
0.00528000
0.01653000
0.02779000
0.03904000
0.02449000
0.00995000
0.00961000
0.00926000
0.00892000
-0.00486000
-0.01864000
-0.03242000
-0.03365000
-0.05723000
-0.04534000
-0.03346000
-0.03201000
-0.03056000
-0.02911000
-0.02766000
-0.04116000
-0.05466000
-0.06816000
-0.08166000
-0.06846000
-0.05527000
-0.04208000
-0.04259000
-0.04311000
-0.02428000
-0.00545000
0.01338000
0.03221000
0.05104000
0.06987000
0.08870000
0.04524000
0.00179000
-0.04167000
-0.08513000
-0.12858000
-0.17204000
-0.12908000
-0.08613000
-0.08902000
-0.09192000
-0.09482000
-0.09324000
-0.09166000
-0.09478000
-0.09789000
-0.12902000
-0.07652000
-0.02401000
0.02849000
0.08099000
0.13350000
0.18600000
0.23850000
0.21993000
0.20135000
0.18277000
0.16420000
0.14562000
0.16143000
0.17725000
0.13215000
0.08705000
0.04196000
-0.00314000
-0.04824000
-0.09334000
-0.13843000
-0.18353000
-0.22863000
-0.27372000
-0.31882000
-0.25024000
-0.18166000
-0.11309000
-0.04451000
0.02407000
0.09265000
0.16123000
0.22981000
0.29839000
0.23197000
0.16554000
0.09912000
0.03270000
-0.03372000
-0.10014000
-0.16656000
-0.23299000
-0.29941000
-0.00421000
0.29099000
0.22380000
0.15662000
0.08943000
0.02224000
-0.04495000
0.01834000
0.08163000
0.14491000
0.20820000
0.18973000
0.17125000
0.13759000
0.10393000
0.07027000
0.03661000
0.00295000
-0.03071000
-0.00561000
0.01948000
0.04458000
0.06468000
0.08478000
0.10487000
0.05895000
0.01303000
-0.03289000
-0.07882000
-0.03556000
0.00771000
0.05097000
0.01013000
-0.03071000
-0.07156000
-0.11240000
-0.15324000
-0.11314000
-0.07304000
-0.03294000
0.00715000
-0.06350000
-0.13415000
-0.20480000
-0.12482000
-0.04485000
0.03513000
0.11510000
0.19508000
0.12301000
0.05094000
-0.02113000
-0.09320000
-0.02663000
0.03995000
0.10653000
0.17311000
0.11283000
0.05255000
-0.00772000
0.01064000
0.02900000
0.04737000
0.06573000
0.02021000
-0.02530000
-0.07081000
-0.04107000
-0.01133000
0.00288000
0.01709000
0.03131000
-0.02278000
-0.07686000
-0.13095000
-0.18504000
-0.14347000
-0.10190000
-0.06034000
-0.01877000
0.02280000
-0.00996000
-0.04272000
-0.02147000
-0.00021000
0.02104000
-0.01459000
-0.05022000
-0.08585000
-0.12148000
-0.15711000
-0.19274000
-0.22837000
-0.18145000
-0.13453000
-0.08761000
-0.04069000
0.00623000
0.05316000
0.10008000
0.14700000
0.09754000
0.04808000
-0.00138000
0.05141000
0.10420000
0.15699000
0.20979000
0.26258000
0.16996000
0.07734000
-0.01527000
-0.10789000
-0.20051000
-0.06786000
0.06479000
0.01671000
-0.03137000
-0.07945000
-0.12753000
-0.17561000
-0.22369000
-0.27177000
-0.15851000
-0.04525000
0.06802000
0.18128000
0.14464000
0.10800000
0.07137000
0.03473000
0.09666000
0.15860000
0.22053000
0.18296000
0.14538000
0.10780000
0.07023000
0.03265000
0.06649000
0.10033000
0.13417000
0.10337000
0.07257000
0.04177000
0.01097000
-0.01983000
0.04438000
0.10860000
0.17281000
0.10416000
0.03551000
-0.03315000
-0.10180000
-0.07262000
-0.04344000
-0.01426000
0.01492000
-0.02025000
-0.05543000
-0.09060000
-0.12578000
-0.16095000
-0.19613000
-0.14784000
-0.09955000
-0.05127000
-0.00298000
-0.01952000
-0.03605000
-0.05259000
-0.04182000
-0.03106000
-0.02903000
-0.02699000
0.02515000
0.01770000
0.02213000
0.02656000
0.00419000
-0.01819000
-0.04057000
-0.06294000
-0.02417000
0.01460000
0.05337000
0.02428000
-0.00480000
-0.03389000
-0.00557000
0.02274000
0.00679000
-0.00915000
-0.02509000
-0.04103000
-0.05698000
-0.01826000
0.02046000
0.00454000
-0.01138000
-0.00215000
0.00708000
0.00496000
0.00285000
0.00074000
-0.00534000
-0.01141000
0.00361000
0.01863000
0.03365000
0.04867000
0.03040000
0.01213000
-0.00614000
-0.02441000
0.01375000
0.01099000
0.00823000
0.00547000
0.00812000
0.01077000
-0.00692000
-0.02461000
-0.04230000
-0.05999000
-0.07768000
-0.09538000
-0.06209000
-0.02880000
0.00448000
0.03777000
0.01773000
-0.00231000
-0.02235000
0.01791000
0.05816000
0.03738000
0.01660000
-0.00418000
-0.02496000
-0.04574000
-0.02071000
0.00432000
0.02935000
0.01526000
0.01806000
0.02086000
0.00793000
-0.00501000
-0.01795000
-0.03089000
-0.01841000
-0.00593000
0.00655000
-0.02519000
-0.05693000
-0.04045000
-0.02398000
-0.00750000
0.00897000
0.00384000
-0.00129000
-0.00642000
-0.01156000
-0.02619000
-0.04082000
-0.05545000
-0.04366000
-0.03188000
-0.06964000
-0.05634000
-0.04303000
-0.02972000
-0.01642000
-0.00311000
0.01020000
0.02350000
0.03681000
0.05011000
0.02436000
-0.00139000
-0.02714000
-0.00309000
0.02096000
0.04501000
0.06906000
0.05773000
0.04640000
0.03507000
0.03357000
0.03207000
0.03057000
0.03250000
0.03444000
0.03637000
0.01348000
-0.00942000
-0.03231000
-0.02997000
-0.03095000
-0.03192000
-0.02588000
-0.01984000
-0.01379000
-0.00775000
-0.01449000
-0.02123000
0.01523000
0.05170000
0.08816000
0.12463000
0.16109000
0.12987000
0.09864000
0.06741000
0.03618000
0.00495000
0.00420000
0.00345000
0.00269000
-0.05922000
-0.12112000
-0.18303000
-0.12043000
-0.05782000
0.00479000
0.06740000
0.13001000
0.08373000
0.03745000
0.06979000
0.10213000
-0.03517000
-0.17247000
-0.13763000
-0.10278000
-0.06794000
-0.03310000
-0.03647000
-0.03984000
-0.00517000
0.02950000
0.06417000
0.09883000
0.13350000
0.05924000
-0.01503000
-0.08929000
-0.16355000
-0.06096000
0.04164000
0.01551000
-0.01061000
-0.03674000
-0.06287000
-0.08899000
-0.05430000
-0.01961000
0.01508000
0.04977000
0.08446000
0.05023000
0.01600000
-0.01823000
-0.05246000
-0.08669000
-0.06769000
-0.04870000
-0.02970000
-0.01071000
0.00829000
-0.00314000
0.02966000
0.06246000
-0.00234000
-0.06714000
-0.04051000
-0.01388000
0.01274000
0.00805000
0.03024000
0.05243000
0.02351000
-0.00541000
-0.03432000
-0.06324000
-0.09215000
-0.12107000
-0.08450000
-0.04794000
-0.01137000
0.02520000
0.06177000
0.04028000
0.01880000
0.04456000
0.07032000
0.09608000
0.12184000
0.06350000
0.00517000
-0.05317000
-0.03124000
-0.00930000
0.01263000
0.03457000
0.03283000
0.03109000
0.02935000
0.04511000
0.06087000
0.07663000
0.09239000
0.05742000
0.02245000
-0.01252000
0.00680000
0.02611000
0.04543000
0.01571000
-0.01402000
-0.04374000
-0.07347000
-0.03990000
-0.00633000
0.02724000
0.06080000
0.03669000
0.01258000
-0.01153000
-0.03564000
-0.00677000
0.02210000
0.05098000
0.07985000
0.06915000
0.05845000
0.04775000
0.03706000
0.02636000
0.05822000
0.09009000
0.12196000
0.10069000
0.07943000
0.05816000
0.03689000
0.01563000
-0.00564000
-0.02690000
-0.04817000
-0.06944000
-0.09070000
-0.11197000
-0.11521000
-0.11846000
-0.12170000
-0.12494000
-0.16500000
-0.20505000
-0.15713000
-0.10921000
-0.06129000
-0.01337000
0.03455000
0.08247000
0.07576000
0.06906000
0.06236000
0.08735000
0.11235000
0.13734000
0.12175000
0.10616000
0.09057000
0.07498000
0.08011000
0.08524000
0.09037000
0.06208000
0.03378000
0.00549000
-0.02281000
-0.05444000
-0.04030000
-0.02615000
-0.01201000
-0.02028000
-0.02855000
-0.06243000
-0.03524000
-0.00805000
-0.04948000
-0.03643000
-0.02337000
-0.03368000
-0.01879000
-0.00389000
0.01100000
0.02589000
0.01446000
0.00303000
-0.00840000
0.00463000
0.01766000
0.03069000
0.04372000
0.02165000
-0.00042000
-0.02249000
-0.04456000
-0.03638000
-0.02819000
-0.02001000
-0.01182000
-0.02445000
-0.03707000
-0.04969000
-0.05882000
-0.06795000
-0.07707000
-0.08620000
-0.09533000
-0.06276000
-0.03018000
0.00239000
0.03496000
0.04399000
0.05301000
0.03176000
0.01051000
-0.01073000
-0.03198000
-0.05323000
0.00186000
0.05696000
0.01985000
-0.01726000
-0.05438000
-0.01204000
0.03031000
0.07265000
0.11499000
0.07237000
0.02975000
-0.01288000
0.01212000
0.03711000
0.03517000
0.03323000
0.01853000
0.00383000
0.00342000
-0.02181000
-0.04704000
-0.07227000
-0.09750000
-0.12273000
-0.08317000
-0.04362000
-0.00407000
0.03549000
0.07504000
0.11460000
0.07769000
0.04078000
0.00387000
0.00284000
0.00182000
-0.05513000
0.04732000
0.05223000
0.05715000
0.06206000
0.06698000
0.07189000
0.02705000
-0.01779000
-0.06263000
-0.10747000
-0.15232000
-0.12591000
-0.09950000
-0.07309000
-0.04668000
-0.02027000
0.00614000
0.03255000
0.00859000
-0.01537000
-0.03932000
-0.06328000
-0.03322000
-0.00315000
0.02691000
0.01196000
-0.00300000
0.00335000
0.00970000
0.01605000
0.02239000
0.04215000
0.06191000
0.08167000
0.03477000
-0.01212000
-0.01309000
-0.01407000
-0.05274000
-0.02544000
0.00186000
0.02916000
0.05646000
0.08376000
0.01754000
-0.04869000
-0.02074000
0.00722000
0.03517000
-0.00528000
-0.04572000
-0.08617000
-0.06960000
-0.05303000
-0.03646000
-0.01989000
-0.00332000
0.01325000
0.02982000
0.01101000
-0.00781000
-0.02662000
-0.00563000
0.01536000
0.03635000
0.05734000
0.03159000
0.00584000
-0.01992000
-0.00201000
0.01589000
-0.01024000
-0.03636000
-0.06249000
-0.04780000
-0.03311000
-0.04941000
-0.06570000
-0.08200000
-0.04980000
-0.01760000
0.01460000
0.04680000
0.07900000
0.04750000
0.01600000
-0.01550000
-0.00102000
0.01347000
0.02795000
0.04244000
0.05692000
0.03781000
0.01870000
-0.00041000
-0.01952000
-0.00427000
0.01098000
0.02623000
0.04148000
0.01821000
-0.00506000
-0.00874000
-0.03726000
-0.06579000
-0.02600000
0.01380000
0.05359000
0.09338000
0.05883000
0.02429000
-0.01026000
-0.04480000
-0.01083000
-0.01869000
-0.02655000
-0.03441000
-0.02503000
-0.01564000
-0.00626000
-0.01009000
-0.01392000
0.01490000
0.04372000
0.03463000
0.02098000
0.00733000
-0.00632000
-0.01997000
0.00767000
0.03532000
0.03409000
0.03287000
0.03164000
0.02403000
0.01642000
0.00982000
0.00322000
-0.00339000
0.02202000
-0.01941000
-0.06085000
-0.10228000
-0.07847000
-0.05466000
-0.03084000
-0.00703000
0.01678000
0.01946000
0.02214000
0.02483000
0.01809000
-0.00202000
-0.02213000
-0.00278000
0.01656000
0.03590000
0.05525000
0.07459000
0.06203000
0.04948000
0.03692000
-0.00145000
0.04599000
0.04079000
0.03558000
0.03037000
0.03626000
0.04215000
0.04803000
0.05392000
0.04947000
0.04502000
0.04056000
0.03611000
0.03166000
0.00614000
-0.01937000
-0.04489000
-0.07040000
-0.09592000
-0.07745000
-0.05899000
-0.04052000
-0.02206000
-0.00359000
0.01487000
0.01005000
0.00523000
0.00041000
-0.00441000
-0.00923000
-0.01189000
-0.01523000
-0.01856000
-0.02190000
-0.00983000
0.00224000
0.01431000
0.00335000
-0.00760000
-0.01856000
-0.00737000
0.00383000
0.01502000
0.02622000
0.01016000
-0.00590000
-0.02196000
-0.00121000
0.01953000
0.04027000
0.02826000
0.01625000
0.00424000
0.00196000
-0.00031000
-0.00258000
-0.00486000
-0.00713000
-0.00941000
-0.01168000
-0.01396000
-0.01750000
-0.02104000
-0.02458000
-0.02813000
-0.03167000
-0.03521000
-0.04205000
-0.04889000
-0.03559000
-0.02229000
-0.00899000
0.00431000
0.01762000
0.00714000
-0.00334000
-0.01383000
0.01314000
0.04011000
0.06708000
0.04820000
0.02932000
0.01043000
-0.00845000
-0.02733000
-0.04621000
-0.03155000
-0.01688000
-0.00222000
0.01244000
0.02683000
0.04121000
0.05559000
0.03253000
0.00946000
-0.01360000
-0.01432000
-0.01504000
-0.01576000
-0.04209000
-0.02685000
-0.01161000
0.00363000
0.01887000
0.03411000
0.03115000
0.02819000
0.02917000
0.03015000
0.03113000
0.00388000
-0.02337000
-0.05062000
-0.03820000
-0.02579000
-0.01337000
-0.00095000
0.01146000
0.02388000
0.03629000
0.01047000
-0.01535000
-0.04117000
-0.06699000
-0.05207000
-0.03715000
-0.02222000
-0.00730000
0.00762000
0.02254000
0.03747000
0.04001000
0.04256000
0.04507000
0.04759000
0.05010000
0.04545000
0.04080000
0.02876000
0.01671000
0.00467000
-0.00738000
-0.00116000
0.00506000
0.01128000
0.01750000
-0.00211000
-0.02173000
-0.04135000
-0.06096000
-0.08058000
-0.06995000
-0.05931000
-0.04868000
-0.03805000
-0.02557000
-0.01310000
-0.00063000
0.01185000
0.02432000
0.03680000
0.04927000
0.02974000
0.01021000
-0.00932000
-0.02884000
-0.04837000
-0.06790000
-0.04862000
-0.02934000
-0.01006000
0.00922000
0.02851000
0.04779000
0.02456000
0.00133000
-0.02190000
-0.04513000
-0.06836000
-0.04978000
-0.03120000
-0.01262000
0.00596000
0.02453000
0.04311000
0.06169000
0.08027000
0.09885000
0.06452000
0.03019000
-0.00414000
-0.03848000
-0.07281000
-0.05999000
-0.04717000
-0.03435000
-0.03231000
-0.03028000
-0.02824000
-0.00396000
0.02032000
0.00313000
-0.01406000
-0.03124000
-0.04843000
-0.06562000
-0.05132000
-0.03702000
-0.02272000
-0.00843000
0.00587000
0.02017000
0.02698000
0.03379000
0.04061000
0.04742000
0.05423000
0.03535000
0.01647000
0.01622000
0.01598000
0.01574000
0.00747000
-0.00080000
-0.00907000
0.00072000
0.01051000
0.02030000
0.03009000
0.03989000
0.03478000
0.02967000
0.02457000
0.03075000
0.03694000
0.04313000
0.04931000
0.05550000
0.06168000
-0.00526000
-0.07220000
-0.06336000
-0.05451000
-0.04566000
-0.03681000
-0.03678000
-0.03675000
-0.03672000
-0.01765000
0.00143000
0.02051000
0.03958000
0.05866000
0.03556000
0.01245000
-0.01066000
-0.03376000
-0.05687000
-0.04502000
-0.03317000
-0.02131000
-0.00946000
0.00239000
-0.00208000
-0.00654000
-0.01101000
-0.01548000
-0.01200000
-0.00851000
-0.00503000
-0.00154000
0.00195000
0.00051000
-0.00092000
0.01135000
0.02363000
0.03590000
0.04818000
0.06045000
0.07273000
0.02847000
-0.01579000
-0.06004000
-0.05069000
-0.04134000
-0.03199000
-0.03135000
-0.03071000
-0.03007000
-0.01863000
-0.00719000
0.00425000
0.01570000
0.02714000
0.03858000
0.02975000
0.02092000
0.02334000
0.02576000
0.02819000
0.03061000
0.03304000
0.01371000
-0.00561000
-0.02494000
-0.02208000
-0.01923000
-0.01638000
-0.01353000
-0.01261000
-0.01170000
-0.00169000
0.00833000
0.01834000
0.02835000
0.03836000
0.04838000
0.03749000
0.02660000
0.01571000
0.00482000
-0.00607000
-0.01696000
-0.00780000
0.00136000
0.01052000
0.01968000
0.02884000
-0.00504000
-0.03893000
-0.02342000
-0.00791000
0.00759000
0.02310000
0.00707000
-0.00895000
-0.02498000
-0.04100000
-0.05703000
-0.02920000
-0.00137000
0.02645000
0.05428000
0.03587000
0.01746000
-0.00096000
-0.01937000
-0.03778000
-0.02281000
-0.00784000
0.00713000
0.02210000
0.03707000
0.05204000
0.06701000
0.08198000
0.03085000
-0.02027000
-0.07140000
-0.12253000
-0.08644000
-0.05035000
-0.01426000
0.02183000
0.05792000
0.09400000
0.13009000
0.03611000
-0.05787000
-0.04802000
-0.03817000
-0.02832000
-0.01846000
-0.00861000
-0.03652000
-0.06444000
-0.06169000
-0.05894000
-0.05618000
-0.06073000
-0.06528000
-0.04628000
-0.02728000
-0.00829000
0.01071000
0.02970000
0.03138000
0.03306000
0.03474000
0.03642000
0.04574000
0.05506000
0.06439000
0.07371000
0.08303000
0.03605000
-0.01092000
-0.05790000
-0.04696000
-0.03602000
-0.02508000
-0.01414000
-0.03561000
-0.05708000
-0.07855000
-0.06304000
-0.04753000
-0.03203000
-0.01652000
-0.00102000
0.00922000
0.01946000
0.02970000
0.03993000
0.05017000
0.06041000
0.07065000
0.08089000
-0.00192000
-0.08473000
-0.07032000
-0.05590000
-0.04148000
-0.05296000
-0.06443000
-0.07590000
-0.08738000
-0.09885000
-0.06798000
-0.03710000
-0.00623000
0.02465000
0.05553000
0.08640000
0.11728000
0.14815000
0.08715000
0.02615000
-0.03485000
-0.09584000
-0.07100000
-0.04616000
-0.02132000
0.00353000
0.02837000
0.05321000
-0.00469000
-0.06258000
-0.12048000
-0.09960000
-0.07872000
-0.05784000
-0.03696000
-0.01608000
0.00480000
0.02568000
0.04656000
0.06744000
0.08832000
0.10920000
0.13008000
0.10995000
0.08982000
0.06969000
0.04955000
0.04006000
0.03056000
0.02107000
0.01158000
0.00780000
0.00402000
0.00024000
-0.00354000
-0.00732000
-0.01110000
-0.00780000
-0.00450000
-0.00120000
0.00210000
0.00540000
-0.00831000
-0.02203000
-0.03575000
-0.04947000
-0.06319000
-0.05046000
-0.03773000
-0.02500000
-0.01227000
0.00046000
0.00482000
0.00919000
0.01355000
0.01791000
0.02228000
0.00883000
-0.00462000
-0.01807000
-0.03152000
-0.02276000
-0.01401000
-0.00526000
0.00350000
0.01225000
0.02101000
0.01437000
0.00773000
0.00110000
0.00823000
0.01537000
0.02251000
0.01713000
0.01175000
0.00637000
0.01376000
0.02114000
0.02852000
0.03591000
0.04329000
0.03458000
0.02587000
0.01715000
0.00844000
-0.00027000
-0.00898000
-0.00126000
0.00645000
0.01417000
0.02039000
0.02661000
0.03283000
0.03905000
0.04527000
0.03639000
0.02750000
0.01862000
0.00974000
0.00086000
-0.01333000
-0.02752000
-0.04171000
-0.02812000
-0.01453000
-0.00094000
0.01264000
0.02623000
0.01690000
0.00756000
-0.00177000
-0.01111000
-0.02044000
-0.02977000
-0.03911000
-0.02442000
-0.00973000
0.00496000
0.01965000
0.03434000
0.02054000
0.00674000
-0.00706000
-0.02086000
-0.03466000
-0.02663000
-0.01860000
-0.01057000
-0.00254000
-0.00063000
0.00128000
0.00319000
0.00510000
0.00999000
0.01488000
0.00791000
0.00093000
-0.00605000
0.00342000
0.01288000
0.02235000
0.03181000
0.04128000
0.02707000
0.01287000
-0.00134000
-0.01554000
-0.02975000
-0.04395000
-0.03612000
-0.02828000
-0.02044000
-0.01260000
-0.00476000
0.00307000
0.01091000
0.00984000
0.00876000
0.00768000
0.00661000
0.01234000
0.01807000
0.02380000
0.02953000
0.03526000
0.02784000
0.02042000
0.01300000
-0.03415000
-0.00628000
-0.00621000
-0.00615000
-0.00609000
-0.00602000
-0.00596000
-0.00590000
-0.00583000
-0.00577000
-0.00571000
-0.00564000
-0.00558000
-0.00552000
-0.00545000
-0.00539000
-0.00532000
-0.00526000
-0.00520000
-0.00513000
-0.00507000
-0.00501000
-0.00494000
-0.00488000
-0.00482000
-0.00475000
-0.00469000
-0.00463000
-0.00456000
-0.00450000
-0.00444000
-0.00437000
-0.00431000
-0.00425000
-0.00418000
-0.00412000
-0.00406000
-0.00399000
-0.00393000
-0.00387000
-0.00380000
-0.00374000
-0.00368000
-0.00361000
-0.00355000
-0.00349000
-0.00342000
-0.00336000
-0.00330000
-0.00323000
-0.00317000
-0.00311000
-0.00304000
-0.00298000
-0.00292000
-0.00285000
-0.00279000
-0.00273000
-0.00266000
-0.00260000
-0.00254000
-0.00247000
-0.00241000
-0.00235000
-0.00228000
-0.00222000
-0.00216000
-0.00209000
-0.00203000
-0.00197000
-0.00190000
-0.00184000
-0.00178000
-0.00171000
-0.00165000
-0.00158000
-0.00152000
-0.00146000
-0.00139000
-0.00133000
-0.00127000
-0.00120000
-0.00114000
-0.00108000
-0.00101000
-0.00095000
-0.00089000
-0.00082000
-0.00076000
-0.00070000
-0.00063000
-0.00057000
-0.00051000
-0.00044000
